>> Ip = 0.0079

Ip =

    0.0079

>> Mc = 0.7031

Mc =

    0.7031

>> lp = 0.3302

lp =

    0.3302

>> Mp = 0.23

Mp =

    0.2300

>> Fc = 0

Fc =

     0

>> Beq = 4.3

Beq =

    4.3000

>> g = 9.81

g =

    9.8100

>> Bp = 0.0024

Bp =

    0.0024
